
533
253
80
332
346
711
236
102
663
304
139
143
287
666
340
375
497
438
314
117
349
322
423
331
197
840
78
481
267
503
131
130
382
199
573
305
84
378
120
216
329
724
71
349
491
361
130
237
428
512
330
244
418
196
584
333
405
272
353
306
400
67
297
273
681
230
399
376
271
327
296
455
425
501
410
371
439
283
272
401
396
146
451
506
103
369
250
478
311
266
397
333
367
78
438
243
464
488
289
352
439
285
689
499
325
530
486
322
278
46
207
322
375
225
268
149
354
333
394
361
41
436
349
760
448
184
434
425
438
142
231
321
281
163
630
423
549
175
384
294
325
465
442
414
384
576
91
584
363
27
421
346
177
257
503
324
146
383
171
332
274
259
367
64
453
404
493
46
344
283
240
473
437
376
320
256
253
217
160
277
456
392
82
192
457
458
239
177
345
129
356
247
281
282
346
448
351
469
337
328
396
426
394
417
108
400
32
403
297
318
236
347
174
219
337
225
386
361
446
446
142
244
444
347
242
347
122
355
164
575
387
503
492
450
271
130
273
388
528
348
111
412
173
328
108
311
467
244
75
295
170
310
225
452
362
223
371
497
50
27
10
279
177
341
491
278
227
377
80
233
326
178
428
428
292
441
287
570
352
402
383
318
173
77
352
454
150
294
570
400
414
431
319
394
347
331
431
387
349
488
400
297
674
373
108
69
384
219
208
201
60
387
553
68
73
495
37
186
590
300
441
313
414
173
537
281
362
407
241
386
213
410
248
12
362
75
218
430
292
195
121
150
415
607
314
420
393
98
409
348
208
135
261
389
409
384
422
288
102
411
127
398
443
130
375
100
450
159
310
255
232
277
124
380
518
582
337
439
266
454
560
13
397
213
40
594
279
144
307
403
211
327
284
522
364
446
265
397
267
505
686
429
617
363
375
473
240
521
404
470
319
486
432
395
681
171
325
299
400
166
374
437
128
82
380
392
331
387
464
160
500
644
113
451
463
179
278
257
454
282
377
295
317
109
267
333
530
426
155
216
200
326
270
404
67
450
293
540
266
459
291
346
100
430
237
329
103
153
791
503
340
201
274
396
408
471
333
516
263
484
313
395
176
402
428
154
338
617
180
304
334
499
539
369
165
85
313
496
461
399
117
221
326
275
354
311
478
390
197
299
320
327
263
488
294
171
508
322
259
140
393
373
156
288
428
650
288
308
264
399
377
177
385
403
101
129
379
321
378
56
395
247
428
48
274
423
50
462
284
468
387
211
582
344
156
301
381
525
294
316
317
165
401
96
132
434
78
339
349
24
767
252
410
127
366
356
375
357
534
249
286
228
437
399
420
325
58
395
92
371
563
198
429
143
93
205
486
218
99
262
299
151
230
354
409
219
382
263
320
460
508
385
200
782
321
377
452
302
416
276
241
332
279
25
523
431
125
392
240
280
397
493
252
480
432
697
337
301
553
258
531
161
306
360
350
307
381
148
336
458
401
382
198
283
256
380
123
386
595
215
339
439
451
436
484
349
232
358
114
99
402
308
501
83
101
286
570
466
435
350
294
104
442
242
535
268
287
306
414
454
428
475
502
348
351
446
709
200
630
252
154
506
369
151
320
463
310
380
478
309
346
346
323
477
288
89
243
304
37
591
354
644
371
280
167
307
325
460
428
422
370
707
485
429
251
294
407
399
375
174
90
349
280
238
574
151
400
288
401
290
340
373
13
233
252
438
60
259
480
184
554
363
359
465
416
373
462
287
263
92
349
356
482
329
511
514
199
545
640
431
280
381
194
345
617
437
392
242
249
180
360
391
115
98
300
328
351
402
153
624
457
408
227
315
432
325
424
331
344
340
377
335
209
463
410
557
389
303
367
308
59
333
288
259
258
330
443
7
388
410
248
368
135
342
351
459
386
207
248
509
349
309
320
298
193
448
505
296
7
284
318
621
300
402
162
299
207
267
124
198
327
351
419
205
256
394
566
264
211
210
433
291
294
114
31
98
156
504
447
199
325
163
508
680
381
312
385
259
332
373
317
107
312
86
320
332
65
353
440
455
191
358
59
122
428
288
589
360
294
288
515
450
326
437
328
196
392
592
494
141
292
243
656
356
163
487
839
78
382
528
212
94
90
424
316
146
127
89
482
533
454
224
180
134
481
187
301
151
311
454
156
320
402
391
327
117
355
309
94
556
363
178
308
412
413
99
401
255
318
469
544
398
541
394
628
118
413
198
71
152
298
412
227
550
491
189
353
185
286
187
83
351
412
247
332
293
449
462
392
237
233
96
308
214
283
304
360
399
154
242
11
378
810
372
290
424
371
433
126
273
399
440
359
142
332
409
68
341
238
116
443
391
96
345
368
144
420
418
399
318
422
583
365
423
542
247
363
322
141
336
345
302
386
63
273
294
471
337
522
467
104
458
235
192
452
135
459
553
315
249
369
443
165
309
453
424
500
297
564
141
470
474
113
560
201
118
608
121
458
268
297
109
553
195
130
326
248